0,7,95,144,167,189,210,214,282
1,14,27,29,31,60,82,85,102,111,116,172,304,305,314,322
2,45,61,151,209,274
3,5,115,179,300
4,164,245,270,287,296
6,94,181,277
8,18,65,88,103,188,278
9,49,138,161,185,208,236,248,256,265,311
10,227,251,309
11,123,145,162,254,290
12,143,175,216,295,312
13,35,96,106,110,112,147,158,168,169,177,221,237,292
15,50,54,113,235,244,315
16,17,36,52,57,98,120
19,34,37,157,159,194,206,255,320,323
20,38,79
21,47,186,259,301
22,51,91,101,173,174
23,114,130,207,215,239
24,76,127,160,198,224,319
25,129,134,166,217,225,263
26,63,220,260,264,273
28,43,44,165,182,184,196,313
30,41,55,211,238,269,294
32,58,84,89,93,137,148,191,283,318,321
33,171,183,229,308,317
39,74,117,128,201,246,257,279,281,288,291
40,46,122,252,266
42,56,86,124,140,228,231,298
48,131,280
53,64,68,69,73,87,100,154,180,200,204,205,250,268,284,310
59,62,92,99,108,132,156,249,286,299,302
66,75,107,176,178,212
67,233,307
70,97,146,202,219,253,293
71,226,258
72,105,135
77,83,109,121,133,150,234,267,306
78,195
80,81,139,247,271,275
90,118,241
104,119,203,218,223,297
125,126,153,155,242,243
136,190,193,199,213,289,316
141,192,222,261
142,149,170,197,240,262,272,285
152,163,232,276,303
187,230
