0,2,190,205,209,214,250,268,289
1,29,80,88,245,314
3,30,58,89,115,211,238,269,283,317
4,27,142,164,270,278,287,296,304
5,23,67,119,136,152,193,199,218,232,297,300,303
6,70,94,97,166,217,225
7,95,144,189,196,282
8,66,75,103,107,176,178,212
9,49,101,138,161,173,174,185,208,248,265,307
10,21,135,227,251,301
11,105,117,145,246,247,281
12,156,175,233,295,299,302
13,36,52,57,100,106,110,177,237
14,31,60,82,102,111,116,170,172,197,240,262,272,285,305,318
15,206
16,17,96,98,120,147,158,168,169,181,202,221,263,292,293
18,35,59,184
19,34,39,74,118,128,159,194,244,254,255,257,279,288,290,291,320,323
20,38,42,79,90,125,126,153,242
22,41,51,91,236,256,311
24,28,44,48,76,127,160,224
25,129,134,146,219,277
26,114,130,163
32,55,84,137,229,294,321
33,45,53,61,64,68,69,73,87,112,151,154,180,200,204,223,274,284,308,310
37,50,72,157,315
40,77,83,109,121,133,141,150
43,131,165,198,280
46,234,252,266,267,306
47,186,259,309
54,86,113,155,235,243,298
56,124,140,228,231
62,92,99,108,132,143,216,249,286,312
63,179,207,215,220,239,264,273,319
65,148,188,203
71,78,182,226
81,123,162,201,241
85,93,149,191,253
104,167,210,213,313,316
122,260
139,271
171,183,275,322
187,192,230,261
195,258
222
276
